171 333
65 663
293 244
876 571
110 734
174 267
74 882
186 978
43 286
611 843
794 646
192 849
56 132
1 433
264 692
128 404
794 393
73 78
140 336
621 953
510 440
103 505
270 223
37 250
53 381
371 914
17 256
166 468
24 86
6 777
510 688
754 355
967 678
193 324
596 642
71 693
979 165
270 484
44 806
67 173
94 278
36 145
214 280
481 937
170 946
976 385
22 740
114 360
24 519
138 122
157 583
23 286
115 720
647 341
207 618
410 504
922 795
31 420
150 845
57 58
126 26
13 801
14 9
61 188
137 531
290 208
826 516
24 195
143 110
571 269
179 664
24 231
91 792
6 478
76 6
171 739
794 799
28 444
952 236
66 674
3 286
97 882
23 956
19 523
39 959
193 22
114 15
125 904
629 798
328 177
342 39
410 332
135 765
61 962
258 950
44 910
141 625
759 222
76 296
575 404
312 785
949 502
12 657
635 298
284 485
292 110
4 306
52 145
633 872
80 432
258 586
299 605
633 592
276 833
328 480
193 776
225 574
175 409
66 904
184 223
71 829
355 595
815 604
55 598
212 321
63 243
49 237
73 502
225 988
302 135
893 680
16 963
633 798
611 461
48 551
458 797
837 572
291 121
118 833
794 619
48 403
240 74
91 637
118 287
407 262
97 53
131 14
143 435
47 470
27 473
713 153
64 736
82 543
56 800
629 15
198 91
89 178
56 692
317 701
351 518
427 637
59 435
24 314
164 946
196 11
80 512
91 434
126 900
192 820
240 308
621 991
214 431
922 45
922 821
754 369
633 777
157 935
89 352
837 627
713 168
300 275
94 831
400 96
27 352
155 901
67 467
115 603
405 352
973 404
34 964
43 899
391 260
199 111
16 796
101 487
174 518
13 549
400 674
837 160
629 628
49 551
138 251
225 105
302 84
755 770
214 324
12 986
42 566
140 971
129 957
302 862
291 28
49 408
67 856
148 670
276 378
137 930
571 245
73 1
56 233
76 58
293 811
575 48
606 651
293 966
793 274
15 972
332 105
398 546
793 887
186 923
165 961
67 792
150 456
812 300
43 3
49 630
284 544
483 325
119 409
119 590
27 974
576 654
34 304
952 485
42 947
391 869
239 503
232 762
214 169
42 409
14 54
41 436
837 178
64 894
12 221
32 527
294 668
90 449
197 416
793 731
212 622
276 916
562 496
804 80
588 697
22 254
76 21
509 493
31 695
33 963
98 185
371 926
41 860
2 651
198 295
317 1000
230 267
117 605
3 191
483 887
13 865
179 74
876 557
157 807
230 358
391 540
617 892
557 560
6 58
114 632
72 679
284 838
51 84
575 47
79 778
266 30
91 834
837 548
26 322
728 153
27 768
922 482
137 249
90 825
294 498
596 529
165 625
634 683
793 743
240 205
893 169
76 592
389 821
922 628
579 641
101 544
53 13
623 541
270 955
179 310
166 716
400 487
877 654
128 241
300 336
219 195
199 399
28 906
317 890
367 903
90 572
193 247
596 383
240 303
34 341
579 562
967 595
12 401
509 201
39 708
629 584
174 322
27 567
115 723
405 115
22 169
264 909
17 62
157 708
952 96
74 480
328 310
623 557
76 884
481 599
49 182
199 831
148 558
110 435
138 73
168 891
290 940
59 513
36 982
967 769
115 372
99 177
312 948
66 729
6 972
166 368
804 711
979 625
38 149
148 169
13 396
97 849
207 978
342 526
299 789
343 347
46 508
118 378
794 104
150 255
56 339
42 474
837 261
52 246
190 928
13 392
174 420
634 677
114 555
351 655
596 898
71 363
24 136
580 153
580 515
125 550
624 222
364 376
575 237
63 100
225 124
299 129
110 911
5 776
128 108
812 947
140 470
138 783
126 288
794 521
143 156
759 910
294 762
200 746
42 237
66 807
367 736
557 519
225 131
893 309
880 225
29 10
258 989
63 463
21 875
389 932
7 335
128 220
284 66
90 498
32 221
65 985
8 490
110 758
509 714
793 879
458 671
759 961
32 654
57 895
528 970
2 116
580 129
138 436
407 946
53 102
97 25
219 72
67 425
193 374
634 272
97 858
1 122
371 771
196 408
138 281
3 316
571 816
342 902
67 604
839 978
300 11
410 131
675 661
343 314
427 189
893 933
114 527
629 114
155 868
80 989
759 621
28 682
196 346
317 581
528 752
483 422
21 555
266 375
196 49
16 185
52 915
74 609
53 321
623 231
264 229
755 96
56 439
575 368
28 370
877 884
103 542
94 59
398 602
291 109
48 930
225 505
332 542
893 370
509 998
33 861
74 645
575 495
89 857
12 822
57 296
410 613
647 240
839 571
15 527
80 779
143 758
87 694
291 5
635 16
793 663
980 138
129 285
72 568
5 556
10 702
89 498
68 843
184 362
192 491
579 519
148 643
342 729
509 490
44 139
165 141
389 76
209 309
300 653
101 904
137 403
634 644
47 930
143 765
126 383
976 738
6 516
32 106
61 597
28 229
164 788
175 477
125 152
23 70
294 778
48 689
299 522
115 627
15 397
647 99
400 666
312 102
98 521
76 654
266 887
118 998
794 256
265 387
166 108
815 718
159 233
302 278
119 716
647 587
73 775
215 672
999 417
34 396
391 852
332 764
75 92
159 556
271 840
31 763
509 364
575 140
97 480
343 354
815 290
36 211
12 134
400 446
110 379
5 439
66 838
125 187
12 890
509 561
240 645
839 623
510 593
11 220
525 683
633 787
557 975
292 399
89 261
676 642
103 124
270 167
39 550
207 751
192 707
117 189
81 991
580 456
588 486
728 957
877 890
226 717
271 740
312 791
328 622
66 123
713 208
7 944
606 91
837 115
364 938
98 887
266 614
400 357
389 134
98 743
226 708
63 769
588 667
57 134
81 369
299 726
214 209
8 537
97 693
199 289
82 202
291 280
26 158
557 656
9 460
893 686
174 268
612 702
328 377
588 514
230 695
10 901
1 172
675 588
633 85
166 249
24 950
101 194
63 162
293 761
212 924
355 77
6 20
481 941
606 394
75 994
635 934
21 872
510 167
225 699
634 440
39 747
155 805
562 186
351 782
16 524
12 884
118 376
17 811
793 298
300 836
219 760
880 466
302 441
276 171
226 66
165 501
728 198
174 900
37 841
647 645
332 908
676 272
10 524
18 176
754 242
190 420
483 943
110 441
612 217
119 495
10 663
312 450
209 5
713 522
405 559
38 181
299 434
713 285
780 398
575 408
200 883
98 811
3 399
126 272
258 347
386 923
186 432
880 41
290 789
200 159
21 20
596 688
89 687
159 827
293 963
141 910
52 309
291 745
293 646
999 812
265 341
355 320
135 46
232 603
219 995
562 586
364 164
300 42
258 954
312 802
606 845
89 218
299 2
23 508
893 883
24 594
143 508
837 810
159 786
196 547
312 337
71 34
94 316
52 448
61 182
576 273
14 469
271 56
576 705
8 385
207 512
949 142
91 116
71 684
97 820
647 312
386 512
16 30
225 469
952 101
291 692
166 715
215 592
675 161
240 693
588 379
780 110
525 270
5 283
200 224
48 409
49 590
839 269
90 95
973 495
922 114
14 613
53 964
311 854
155 325
207 269
580 814
276 809
129 434
38 545
290 735
317 798
155 823
300 864
291 159
755 544
47 566
140 188
300 259
115 859
266 985
293 17
74 620
265 721
271 992
32 920
197 318
215 397
31 683
13 344
311 394
148 121
159 497
67 255
629 478
8 376
143 70
155 375
635 422
61 590
80 373
579 219
79 372
611 928
140 907
621 81
410 421
94 3
135 331
6 628
29 185
675 508
48 578
22 145
291 254
922 932
128 472
207 24
400 445
190 248
143 563
400 869
302 667
200 282
14 124
8 201
179 307
311 2
509 938
728 856
2 539
47 108
647 858
199 756
302 316
76 591
15 45
525 888
400 935
5 254
192 846
826 628
294 567
79 202
34 183
612 855
290 834
214 652
579 253
400 101
103 908
90 687
22 819
264 424
633 972
99 113
212 960
18 711
179 321
207 897
410 542
302 216
562 679
66 260
38 595
49 578
9 704
168 539
27 235
342 146
579 238
23 831
159 75
114 273
197 126
197 607
510 322
919 83
980 536
170 287
528 946
528 364
919 112
184 419
351 688
192 321
141 750
562 512
580 718
36 933
14 466
73 415
168 983
198 116
407 418
155 256
53 882
166 336
973 119
371 829
299 564
3 602
128 907
343 863
398 51
163 775
232 650
580 726
612 691
196 912
71 13
22 374
126 569
239 742
633 649
391 550
155 943
804 245
22 227
257 306
101 803
225 573
293 524
575 907
562 258
19 263
81 545
5 636
74 741
328 97
207 656
165 730
265 451
357 319
43 111
755 194
209 75
364 385
257 687
207 253
49 277
219 18
137 716
56 144
163 764
893 271
576 748
131 297
6 350
293 796
481 170
75 353
634 529
293 663
179 337
265 771
302 681
26 120
804 314
271 75
209 840
633 932
17 966
634 326
42 277
80 638
12 790
55 69
919 337
200 411
33 966
51 513
780 356
71 802
219 231
562 471
141 162
299 856
31 248
371 392
804 863
967 242
3 945
159 781
214 905
342 996
299 153
76 875
164 252
230 928
17 879
753 878
159 254
571 950
232 538
877 920
634 126
118 93
364 430
481 407
48 912
980 421
65 646
66 187
509 418
793 901
265 303
130 850
423 262
483 266
713 539
55 62
53 673
919 664
302 535
922 478
170 330
483 293
192 428
629 591
157 903
980 573
184 420
19 852
79 810
291 327
312 622
617 573
190 737
270 898
635 413
119 277
196 832
839 354
290 129
164 333
63 965
164 936
117 515
6 890
164 870
266 10
812 689
18 231
73 844
148 915
676 184
293 266
612 805
115 559
215 942
753 538
15 350
17 298
257 218
837 4
68 348
837 405
22 5
42 470
9 927
575 182
66 553
196 848
9 908
292 3
28 636
509 330
371 865
164 130
621 38
257 27
23 648
454 990
23 703
143 278
826 507
240 192
56 709
893 682
826 317
175 408
355 222
36 881
265 829
351 737
812 119
876 207
66 747
264 370
38 151
621 595
292 486
284 996
32 890
29 443
876 176
780 457
138 142
294 626
300 338
611 710
371 113
207 816
73 41
75 652
239 595
634 184
18 245
170 937
588 302
79 95
171 599
793 805
81 732
355 601
128 689
815 522
212 53
647 450
239 181
815 728
634 669
623 253
621 772
9 660
728 91
38 808
137 653
90 818
332 41
780 23
87 813
179 721
11 597
893 327
12 1000
150 854
7 484
634 383
612 866
138 892
57 21
18 568
72 253
73 613
239 585
624 806
209 680
101 929
528 287
118 738
575 921
5 652
481 916
179 791
343 560
2 456
46 191
351 288
621 242
28 109
525 345
596 644
391 236
56 915
876 519
22 706
973 140
979 772
328 846
24 402
580 295
257 279
196 368
179 914
98 380
184 416
46 899
209 682
59 23
557 72
31 203
299 997
579 373
265 308
815 792
209 301
510 203
311 718
351 944
617 122
525 484
509 870
367 717
110 399
57 748
42 610
312 465
343 989
174 26
240 721
57 50
611 203
81 63
41 297
43 758
46 60
82 896
257 533
264 246
137 182
893 247
196 403
80 760
877 649
23 453
225 913
232 810
198 564
168 522
75 309
44 107
28 283
193 246
190 484
17 217
300 547
676 335
46 831
98 619
71 344
293 901
128 817
919 183
73 927
143 722
588 60
209 448
407 809
48 506
97 835
165 520
115 87
407 970
624 991
371 183
6 40
12 658
357 526
87 570
215 920
207 195
219 365
405 603
794 293
199 356
634 928
265 240
37 93
300 578
839 245
276 414
647 344
3 379
389 657
36 686
61 180
617 847
22 431
207 954
713 425
27 631
37 842
148 608
148 776
82 464
52 800
155 30
328 74
557 494
81 678
43 722
753 768
3 758
612 887
226 236
23 911
36 819
364 916
53 341
557 679
90 559
621 162
130 665
43 356
611 158
276 700
165 808
311 299
7 688
794 33
66 852
405 473
647 849
225 340
976 938
571 512
271 144
73 281
4 603
75 692
13 960
209 154
407 170
230 7
571 618
87 725
676 607
26 642
190 272
804 560
214 776
219 923
427 168
7 167
270 318
293 380
837 867
49 108
332 142
606 789
130 262
207 760
826 649
364 493
59 486
973 578
184 874
219 432
138 847
355 910
56 127
38 806
184 438
48 832
300 993
967 625
980 142
114 516
89 757
98 10
623 978
302 399
621 181
163 860
311 957
292 862
265 112
17 244
212 620
39 96
91 285
271 431
114 942
596 593
284 487
342 187
755 996
143 939
157 152
458 808
291 740
174 248
174 710
270 644
294 447
481 37
967 63
26 326
190 383
510 928
300 403
357 523
57 884
728 208
79 572
754 806
174 843
371 465
6 584
562 231
239 601
4 548
10 517
34 698
12 350
596 420
999 468
562 388
576 584
17 743
196 962
300 47
43 84
115 261
225 359
87 762
119 907
56 121
193 211
371 97
14 492
219 238
47 590
292 457
528 850
410 844
588 199
240 395
75 144
293 743
94 853
576 798
328 112
7 874
48 368
97 112
264 75
170 418
919 948
391 733
405 533
264 827
12 787
37 406
79 627
75 800
130 784
7 888
184 174
634 931
407 93
41 281
635 977
557 751
952 487
230 335
266 155
612 325
48 864
839 975
759 63
150 511
168 390
15 85
197 461
55 217
623 354
19 236
33 901
571 186
199 758
209 992
29 422
65 823
557 586
952 708
140 128
73 105
398 435
6 942
226 662
2 718
59 765
633 507
27 464
114 958
114 824
17 30
150 285
65 413
163 696
290 851
367 39
59 278
190 335
175 249
755 838
67 394
200 444
55 861
621 63
14 281
317 790
400 157
755 959
6 748
291 709
575 220
168 718
212 337
207 432
150 116
170 532
509 830
38 222
126 416
294 627
6 85
629 790
186 471
66 903
624 961
976 946
240 387
138 459
270 737
175 767
110 514
837 567
407 870
219 80
4 313
97 926
258 594
952 729
22 670
164 93
265 741
239 565
129 856
266 943
73 334
922 462
130 378
266 380
52 154
364 739
38 585
56 361
5 282
164 418
38 77
43 289
31 322
24 586
12 462
174 210
300 137
293 985
837 473
36 786
214 706
973 971
179 673
9 505
815 425
175 582
37 35
284 39
213 141
728 311
302 552
292 697
42 220
137 848
110 453
837 27
291 339
55 691
23 457
510 68
61 506
27 720
42 689
258 816
454 660
79 757
75 227
119 488
117 726
55 380
367 384
63 501
837 626
34 442
391 894
114 748
611 420
225 918
89 366
186 760
343 136
24 245
23 722
230 288
976 537
6 273
5 309
15 40
588 862
52 608
118 493
11 912
458 38
271 36
367 959
76 787
5 127
82 570
837 685
74 693
179 882
19 146
57 507
557 314
150 2
596 288
56 497
575 488
258 195
198 208
199 382
16 104
29 475
155 985
79 218
36 309
36 558
16 375
624 44
1 542
949 990
17 761
980 847
596 944
364 784
129 564
199 60
33 524
47 220
207 388
38 797
99 917
675 316
893 740
312 396
26 167
17 393
53 620
72 494
80 618
10 375
157 666
190 348
213 81
140 653
571 386
125 996
68 944
52 933
148 556
114 489
3 216
291 247
76 85
49 47
219 641
193 915
7 518
197 68
635 731
949 492
621 520
949 359
82 218
52 905
839 863
23 939
143 286
7 345
676 26
28 800
624 243
196 993
676 931
98 879
713 651
68 420
71 622
164 784
82 447
893 709
753 447
137 275
391 616
621 501
171 532
240 849
239 320
32 482
371 240
258 541
159 686
893 554
11 403
312 179
804 231
129 604
174 607
571 638
38 742
299 168
4 88
291 374
292 84
351 322
676 167
39 384
193 439
186 314
919 71
367 666
257 449
794 30
979 991
97 308
43 70
131 415
675 399
225 138
98 104
97 71
265 183
213 910
271 280
164 561
528 532
5 800
877 824
207 186
759 239
753 232
525 766
332 78
427 67
94 828
596 518
528 37
66 968
264 228
19 903
101 319
355 501
1 913
61 921
72 863
63 452
919 645
364 714
193 554
258 494
131 78
56 558
213 600
1 415
21 50
190 461
226 904
398 441
193 500
976 130
89 778
922 632
184 440
266 646
166 578
952 996
33 30
199 681
193 686
47 488
812 11
952 873
427 845
257 87
400 873
580 886
21 462
126 440
343 253
90 160
63 320
949 281
31 925
634 31
171 8
240 964
291 682
47 773
99 609
312 721
676 737
61 329
754 452
73 860
219 496
979 889
9 359
71 981
73 204
193 994
676 419
128 488
99 74
876 711
41 502
405 871
8 35
171 870
239 63
454 73
398 577
57 890
42 426
299 719
209 455
371 102
75 745
596 931
17 691
65 805
635 443
386 995
163 421
39 187
367 101
980 927
5 92
389 555
633 705
676 158
81 595
31 928
171 712
219 207
159 746
793 521
53 25
410 892
197 412
400 260
5 500
364 936
266 393
575 597
34 609
839 373
143 23
294 366
209 906
328 914
877 790
676 690
199 476
793 646
949 505
135 382
877 872
265 99
168 434
219 568
39 969
101 969
332 749
200 339
26 210
300 188
328 820
159 558
633 317
28 246
101 733
159 309
633 748
21 534
38 600
290 726
893 670
400 19
91 394
125 523
22 133
128 338
311 792
94 435
612 639
198 173
633 958
371 34
355 889
1 459
617 466
117 789
11 630
140 108
1 536
454 613
91 719
4 668
407 987
49 499
257 88
676 416
171 970
57 787
877 12
11 417
166 182
219 679
168 153
525 272
98 55
71 83
391 357
290 539
13 321
240 698
14 951
976 665
61 259
166 962
258 373
949 699
291 349
39 894
98 274
623 779
31 268
26 569
510 7
193 228
525 530
343 950
332 615
454 410
110 513
291 56
33 702
11 472
623 80
91 854
839 711
952 123
36 746
99 865
328 429
18 560
299 150
53 587
804 950
29 323
67 456
311 522
510 683
293 62
196 188
36 224
37 712
292 661
629 986
633 401
164 937
880 542
75 339
174 348
212 491
876 560
876 641
979 239
23 513
481 206
481 784
55 298
11 930
74 917
163 988
72 471
284 19
15 884
207 238
528 333
128 930
13 25
51 476
405 720
64 708
215 872
633 920
103 615
780 191
52 740
198 479
44 585
292 640
166 409
97 341
148 144
212 549
138 988
391 583
398 640
454 281
71 428
509 481
528 262
36 682
647 791
21 942
270 345
47 506
137 773
624 885
481 752
115 498
190 782
919 791
61 744
117 467
115 757
15 798
391 807
293 422
13 377
357 959
42 930
557 231
114 397
33 659
53 465
36 827
239 38
199 191
192 829
64 526
919 647
400 64
588 831
57 932
922 591
258 186
66 96
780 486
26 530
175 495
967 808
10 614
119 336
634 318
170 916
10 619
804 586
423 784
877 875
239 885
82 366
197 438
240 113
386 751
66 152
266 866
812 47
265 480
877 798
94 661
59 51
47 182
19 747
880 340
12 516
99 645
355 503
117 456
89 974
37 752
804 496
63 242
199 535
973 610
61 147
919 451
270 322
481 262
623 760
257 4
264 353
28 133
357 729
2 522
61 912
8 738
214 154
976 987
59 945
1 505
980 204
129 605
110 722
794 614
219 638
174 234
184 318
343 24
755 487
22 500
61 578
759 806
135 161
391 152
596 683
713 854
135 602
57 872
215 705
510 268
129 814
36 327
606 116
780 831
36 670
576 478
952 902
138 14
56 746
579 586
257 498
876 579
794 887
367 935
159 315
271 439
140 408
53 849
64 902
44 520
292 667
27 813
410 764
328 321
355 600
271 121
647 741
999 744
880 163
5 706
28 431
55 521
257 685
270 416
525 593
919 381
114 872
98 256
212 981
163 783
52 827
39 674
55 985
27 626
34 451
90 727
13 205
284 733
168 814
117 153
7 529
611 724
676 174
26 695
351 335
579 402
140 61
952 583
949 847
57 654
876 269
33 761
74 491
118 206
952 903
676 683
184 688
423 870
19 187
165 81
611 607
284 729
14 505
454 436
290 984
148 353
148 444
163 41
317 527
922 389
676 843
804 975
36 121
52 781
264 437
26 461
922 215
284 319
26 589
839 72
342 903
510 358
73 14
317 350
197 669
612 16
66 774
232 570
257 305
47 368
9 847
980 225
110 457
5 229
15 795
125 969
12 296
357 226
979 808
138 466
52 982
196 864
118 714
